2
150 3 
-1.41614 -6.98465 4.72842 6.56877 -4.31535 
0.631111 1.71157 -3.22453 0.0286683 0.450919 
-0.819858 0.120198 -0.632641 0.674297 0.273411 
-0.115296 -1.35316 1.2914 0.171458 -1.40858 
0.728821 -0.199023 0.866375 -0.44872 -0.27009 
-1.43417 -0.309295 1.80611 1.64807 -0.541923 
0.306601 -0.611728 -0.811817 -1.01944 -0.911082 
0.447625 0.586923 -0.397117 -0.388143 -0.126295 
-0.970058 -0.774624 -0.0812294 0.507868 0.371766 
1.19958 -2.84318 0.0311628 -1.60749 1.49938 
-0.466374 -0.0945137 -0.788599 0.070627 0.0702266 
-1.93675 -7.67384 5.40246 7.80159 -4.53556 
6.69557 -2.94407 -6.0458 -7.11855 6.38568 
0.638711 1.80381 -2.77474 -0.576179 -0.502566 
-0.136268 2.6535 -1.63848 -0.212498 0.218308 
-0.979794 0.260258 -0.314439 -0.619483 0.165334 
-0.0107016 -0.461035 -0.0771505 -0.298088 0.499958 
0.75055 0.679284 0.27233 0.447574 0.139572 
-0.656755 -2.67111 1.94965 2.13322 -0.588036 
-0.0990115 -0.647798 0.14568 -0.263929 0.593046 
-0.0948576 0.217168 -0.367767 0.0760976 0.578882 
0.522143 0.524931 0.814723 -0.666003 0.207555 
0.804458 0.861172 0.259791 0.462187 -0.899411 
0.762003 1.14322 -0.103914 0.167835 -0.299864 
-3.65382 -6.72368 6.69531 8.72753 -5.31105 
-0.657752 -0.328051 -0.829225 -0.843994 0.288795 
0.46079 0.0154614 -0.263285 0.150238 -0.789091 
1.99761 1.56422 -2.81059 -3.73883 2.89663 
-3.05839 1.17495 2.68923 3.36963 -1.8663 
0.44356 1.83999 -2.64322 -1.71802 0.910664 
-0.601817 -0.100707 0.61063 -0.750469 0.649796 
0.301017 -0.730982 -0.32941 -0.12663 -0.398725 
-1.56485 2.14539 0.807581 1.85049 -2.02247 
-0.592882 -1.23975 2.15332 1.5016 -0.281052 
-2.33954 0.545697 2.25611 3.27115 -2.42984 
-1.15693 0.307318 -0.839322 0.241531 0.690299 
1.56541 5.1223 -4.01745 -5.59074 4.11394 
-0.247575 -0.575609 1.46658 0.472102 -0.768845 
-0.552231 -0.84958 0.15491 0.709595 0.214901 
-0.944624 -0.340935 -0.885774 0.279369 -0.736991 
0.734056 0.747011 0.22662 0.452822 0.71491 
-0.663543 -0.598747 0.619745 0.261232 -0.481433 
-0.943522 -0.697577 0.189644 -0.334055 -0.374981 
-2.10474 0.620475 1.93689 2.86541 -1.82077 
0.331724 0.627584 0.973583 -0.664599 0.275356 
-0.150004 -0.435099 -0.827611 0.67831 -0.850915 
0.276544 1.22304 -1.15839 -0.752055 0.0133918 
-0.778624 -0.973072 0.375492 -0.766004 -0.51442 
0.582115 0.790498 0.595761 0.493348 0.230492 
-0.227161 2.86905 -1.55706 -0.506378 0.225162 
-0.4821 0.163286 0.436763 -1.64485 -0.26459 
3.51954 0.703851 -4.1547 -5.16244 4.34056 
-0.550025 -0.717496 -0.748633 0.864574 -0.843625 
-0.885579 -0.872163 -0.313376 0.832781 -0.198846 
-0.944899 0.719015 0.451264 -0.0368761 0.710849 
5.49578 0.31048 -6.06929 -7.17075 5.57478 
1.03832 0.444675 -1.92907 -1.13599 0.0357952 
0.653377 1.01824 0.0919129 0.840331 -0.934782 
0.879385 0.214793 0.500261 0.12581 -0.71027 
-0.461517 -0.177349 -0.974532 -0.163079 -0.814413 
0.805078 2.79919 -2.47191 -1.90018 1.80718 
-0.239071 0.639578 -0.483584 0.255994 -0.775388 
0.472854 0.483324 0.688966 -0.918318 0.756748 
1.39543 2.19603 -2.64693 -2.93092 2.81047 
-0.906657 -0.464282 -0.716765 0.962136 0.234594 
0.177378 1.49431 -1.86734 -0.226488 -0.335554 
-0.534726 -1.18117 1.14211 2.04702 -1.66083 
1.19498 0.846043 -2.97499 -0.337761 -0.391779 
0.95672 0.55518 0.751418 -0.575357 -0.0856525 
-1.06123 0.45704 -0.776506 -0.18796 -0.393526 
0.478272 -1.10512 -0.953046 -0.756978 -0.588156 
-5.4165 0.939764 5.51413 6.40374 -5.41414 
0.685522 0.361288 0.372613 0.832686 -0.0634821 
0.751135 0.246979 -1.1559 -0.496001 0.571152 
-1.11591 0.951775 0.837619 1.43591 -0.834783 
-0.145795 -0.0666498 0.0251117 -0.945679 0.816336 
-0.641665 -0.874052 -0.253513 0.172461 -0.864 
-0.063637 -0.814445 0.297944 -0.663834 0.69434 
0.0995047 -0.283087 -0.193306 -0.846768 0.97261 
-0.646733 -1.46424 2.53368 1.46788 -0.540081 
0.475102 -1.07436 0.306554 0.0164704 -0.280515 
0.99242 1.37568 -2.86761 -1.26786 -0.149682 
-1.36506 0.809804 1.08276 1.7381 -0.215747 
-0.814187 -0.857562 1.16728 0.362419 -0.813314 
-0.357042 -0.690884 0.338192 0.437 0.403406 
3.37834 -1.96429 -2.8075 -3.46228 2.78823 
0.620873 -0.447789 -0.641262 -1.19538 0.952003 
-0.998363 -0.135368 -0.0311241 -0.200581 0.297591 
-0.820597 -0.841715 -0.848755 -0.944434 -0.29016 
-0.249973 0.813268 -0.283455 -0.258714 -0.648253 
0.611454 2.04672 -1.84799 -1.52425 1.29762 
0.218265 -0.447475 -0.385595 -0.348866 -0.646745 
0.954485 -0.0685849 0.939773 0.455343 0.0632148 
-0.225059 -0.250179 0.475308 1.01486 -1.70176 
1.2137 0.349428 -2.7219 -1.14213 0.868125 
-0.683185 -0.437922 -0.0104975 -0.966552 -0.147368 
-0.656287 -0.644116 2.17595 0.444444 -0.572217 
0.68441 0.883174 0.247329 0.994944 -0.893249 
0.783027 5.37311 -3.31739 -4.43992 2.38447 
-0.979406 0.210421 -0.254253 -0.975007 -0.942996 
-0.112738 0.665679 0.983475 -0.164491 0.442455 
0.286782 0.648423 0.798147 0.177645 0.201469 
-0.926498 1.2973 0.094852 -0.0113566 0.503774 
-0.907157 1.57885 0.493097 1.20714 -2.00219 
-0.29811 -0.222917 -0.441065 0.561635 -0.218444 
0.957152 -0.614479 0.487347 0.256124 0.835039 
-1.27177 -1.02441 2.92157 1.46214 0.608195 
-1.32305 -0.302261 2.37734 1.65292 0.374386 
1.33584 0.545786 -0.326553 0.243814 -0.344249 
-0.996436 -0.186637 1.70105 0.747221 -0.244715 
-1.69802 -7.65886 5.37924 7.42659 -5.25039 
-0.909792 -0.100692 -0.399546 0.539398 -0.74467 
0.240965 2.70324 -1.89868 -1.23733 1.31946 
-0.707751 -0.878567 -0.509481 0.335675 0.668989 
0.362948 -0.527151 -0.15512 -1.62468 0.992364 
-4.012 -6.44896 7.27996 8.62919 -6.83989 
0.955259 -1.28225 -0.463365 -1.12715 0.0249029 
-0.265662 -1.87313 1.3174 1.90432 -2.18431 
-0.348994 0.298262 -0.122755 0.16963 0.885055 
0.00158049 0.0297088 -0.422498 -0.0763834 -0.398988 
0.547781 7.06529 -3.88216 -5.76707 3.67309 
0.503856 0.610864 0.738461 0.699694 -0.39453 
0.767247 0.311537 0.511034 0.661511 0.539069 
0.737172 0.813045 0.822141 0.043163 -0.121025 
-0.563633 -0.0894285 0.528291 -0.444305 -0.390309 
-1.20167 0.221551 0.368116 -0.92405 -0.857451 
-0.617376 0.486337 0.408558 -0.696314 -0.641748 
-0.909946 -0.311863 -0.959634 0.958169 0.293353 
-1.0452 1.60123 0.330679 -0.295948 -0.623361 
-4.37898 -1.93364 5.61913 6.91387 -5.8722 
0.631666 -1.59923 0.13563 0.495679 0.437032 
-0.358113 -0.726795 -0.519393 0.588388 -0.382809 
-0.222152 -0.0410638 -0.254554 1.08126 0.52281 
-0.702522 0.253022 0.204009 0.609764 0.769738 
0.508319 0.386323 0.914237 0.371696 -0.368827 
-0.413428 -1.21789 1.97989 1.18088 -0.777531 
0.450707 0.212646 0.99957 0.353418 0.605545 
0.241987 -0.146491 0.762052 0.548418 0.96685 
-0.0908845 0.507061 1.11133 0.255945 0.933847 
-0.790705 -0.285683 0.104269 1.84254 0.0330635 
-0.55175 -0.424525 -0.675286 0.428512 0.907953 
2.03922 -1.81077 -1.23235 -2.77597 1.70463 
0.459024 0.573928 -1.56983 0.331122 -0.42056 
0.413829 -1.21982 -0.187512 0.261982 -0.191988 
0.376118 1.12083 -1.6724 -0.748571 -0.288441 
0.19495 -1.24735 0.348987 0.942975 -0.0632081 
0.395263 -0.911831 -0.214126 -0.448158 -0.50277 
0.677211 0.480297 0.787286 0.287178 0.306175 
-1.83565 0.435203 1.68497 2.88949 -1.79526 
-2.27942 -7.47233 5.80255 7.70548 -4.9243 
-1.02992 1.26784 0.5284 -1.23084 -0.353855 0.436015 -0.800897 -0.793257 -0.577783 -0.778957 0.204312 -0.960017 0.205494 0.662933 0.724577 0.51579 0.746888 0.187953 -0.762722 0.596593 -0.192063 0.837466 0.393143 -0.729421 -0.822048 -0.220503 -0.756484 0.297485 -0.849012 1.54243 -0.758161 -0.196633 -0.48006 -1.34174 -0.816129 -0.899346 0.554376 0.0821415 0.71366 -0.996135 -0.253752 -0.151942 0.602881 -0.33299 -0.16606 0.50433 -0.321378 0.108826 -0.966029 1.13437 0.7535 0.810324 -0.880289 -0.0183271 0.163154 0.542286 0.76159 -0.641779 0.665723 0.586796 -0.574131 0.0636343 -1.04929 0.135755 0.58142 0.645846 -1.05007 0.908632 -0.0442151 0.833269 0.819393 0.381027 -0.54661 -0.212389 -0.215827 -0.859578 0.304004 -1.02101 0.462033 -0.161356 -0.748453 -0.148108 -1.12989 0.0599217 -1.23318 -0.180297 0.347117 0.593717 -0.127288 1.02933 0.479278 -0.29971 -0.19853 0.627705 -0.433098 -0.793277 -1.10268 -0.866364 0.95369 -0.379619 -0.421101 0.470525 -0.863873 0.464502 -0.51558 0.624028 -1.17699 -0.941308 -0.722008 -0.847883 0.492283 0.748143 0.845178 0.690428 0.139194 -1.03131 -0.588284 -0.833176 -0.323179 -0.02634 -0.538525 0.633001 0.0938264 -0.0583408 0.80728 0.0484581 0.378257 0.999745 0.974581 0.646527 0.438642 -0.707859 -0.202649 -0.494091 -0.825268 0.401141 0.312494 0.242248 -1.19981 0.0919004 0.631067 0.535844 0.811987 -0.758861 0.663759 -0.520707 0.297491 0.678976 0.532688 -1.16367 0.396443 
-2.48031 -3.83215 -0.526209 -0.292039 -0.638244 0.474703 -0.205521 -0.652106 0.530449 1.94718 -0.604987 -3.01796 3.58574 -3.06675 -0.209545 0.539051 1.04489 -0.392803 -0.364634 1.3448 0.722481 0.227948 -0.601686 0.427973 -3.0876 -0.286327 -1.27912 0.944268 -1.09529 -4.10389 0.695973 1.00556 -1.35763 2.7186 -0.999353 0.666993 2.08332 0.921721 -0.317132 0.267482 0.0638867 0.40276 -0.126335 -1.0773 0.682026 -0.695857 -0.484472 -0.287891 0.314797 -0.218793 1.38083 1.87035 0.578203 -0.147942 1.21794 2.76916 -0.879356 -0.0898824 -1.00174 -1.00349 0.90827 0.00987077 0.716922 1.02649 0.536891 -1.71831 -0.246057 -3.37806 0.312931 0.917331 -0.0571546 -2.67719 -0.505127 0.571704 -0.298014 0.449085 -0.462495 1.30256 0.485661 3.35239 -0.418756 -3.99235 -0.271562 0.156128 0.301784 1.11081 -0.238044 -0.241013 0.192119 0.7684 0.0761505 0.861366 -0.275975 0.0298992 -3.38209 0.967568 1.86243 -0.1734 1.64176 -0.342146 0.190922 -0.0304607 0.819612 -1.147 -0.123301 -0.543841 3.82024 2.56003 0.769372 0.291911 -2.8693 -0.751616 0.583 -0.381727 0.533062 -3.15129 0.686375 -0.57784 0.98959 0.777583 2.20817 -0.590788 -0.48762 0.0713833 1.11503 -0.426224 0.539607 0.449014 1.39964 -2.77993 -0.574034 0.0347999 0.98159 0.49769 -0.921941 2.43685 -0.865013 0.303186 -0.274795 0.0041007 -0.755437 0.38248 -0.576382 1.3874 -1.66749 -0.0510263 0.0413756 -0.486136 -0.484221 -2.78457 -0.229075 
2.53593 -0.19436 -0.474954 0.492961 -0.387875 2.41725 -0.0257393 0.378446 0.568287 -0.939486 0.0872012 2.35138 -3.1616 0.522708 -2.04861 0.787343 -0.2055 -0.990711 1.67982 -0.384735 -1.03259 -1.15076 -1.1576 -0.252549 2.18124 -0.73049 -0.421577 -2.20175 1.98578 0.327326 -0.25947 -0.139382 1.03727 1.0627 1.76797 0.67291 -2.24958 0.328107 -1.05359 -0.849302 -1.18801 -0.393164 0.406725 1.10213 -0.862039 -0.479129 -1.74095 0.404057 -0.983024 -2.30174 -0.48042 -2.25994 0.606114 -0.689584 0.0867377 -2.47816 -2.43466 -0.812411 0.395025 -0.505995 -1.3969 -0.684815 -0.126969 -1.637 0.732872 0.48621 1.30413 -1.30879 -0.947414 0.110278 0.266287 2.72056 -1.08639 -0.369472 1.15949 -0.667854 0.085931 -0.241195 -0.82186 -0.42 0.799753 0.712905 1.11643 0.296906 -0.14496 -2.78622 -1.50558 0.0291003 -0.0254344 -0.633641 -2.10535 -0.605605 0.128761 0.515716 0.0206875 0.920495 -0.387792 -0.217821 -2.47496 0.787668 -0.179788 -0.579371 -0.733791 0.778368 -0.484355 -0.518461 -0.609458 -0.315184 -0.751507 1.33484 2.48656 0.51213 -1.58078 0.355658 -1.21442 1.53157 -1.25764 1.06263 -0.195118 -0.572161 -3.01133 -0.278702 -1.21008 0.421423 -0.0536274 0.00412564 -0.492449 0.132607 -0.205643 1.87226 0.587466 0.374793 0.274923 -0.805643 -0.391571 1.16146 -1.19812 -0.269839 -0.986338 0.0594229 -0.528371 -2.40948 -1.15683 0.48669 -0.54421 0.229398 -1.19282 -0.518477 1.85571 2.31879 -0.581263 
